0.000000000000000000e+00	-3.501361059319290980e+00
1.001001001001000992e-02	-3.473450397874452200e+00
2.002002002002001985e-02	-3.440317685314692842e+00
3.003003003003002977e-02	-3.402045532364955882e+00
4.004004004004003969e-02	-3.358727469349819472e+00
5.005005005005004615e-02	-3.310467604037774514e+00
6.006006006006005954e-02	-3.257380254480979787e+00
7.007007007007007293e-02	-3.199589558164019021e+00
8.008008008008007939e-02	-3.137229058833793438e+00
9.009009009009008584e-02	-3.070441272436442048e+00
1.001001001001000923e-01	-2.999377233636050466e+00
1.101101101101101126e-01	-2.924196024433658003e+00
1.201201201201201191e-01	-2.845064286443716117e+00
1.301301301301301394e-01	-2.762155718418534800e+00
1.401401401401401459e-01	-2.675650560639325271e+00
1.501501501501501523e-01	-2.585735067815223776e+00
1.601601601601601588e-01	-2.492600972149035421e+00
1.701701701701701652e-01	-2.396444938240471778e+00
1.801801801801801717e-01	-2.297468011504279151e+00
1.901901901901901781e-01	-2.195875061781969784e+00
2.002002002002001846e-01	-2.091874223821882595e+00
2.102102102102102188e-01	-1.985676336293089816e+00
2.202202202202202252e-01	-1.877494380984285227e+00
2.302302302302302317e-01	-1.767542923819374279e+00
2.402402402402402382e-01	-1.656037559297109274e+00
2.502502502502502724e-01	-1.543194359932922755e+00
2.602602602602602788e-01	-1.429229332247233586e+00
2.702702702702702853e-01	-1.314357880806094725e+00
2.802802802802802917e-01	-1.198794281777300741e+00
2.902902902902902982e-01	-1.082751167418126936e+00
3.003003003003003046e-01	-9.664390228599646360e-01
3.103103103103103111e-01	-8.500656965003875465e-01
3.203203203203203175e-01	-7.338359252549570000e-01
3.303303303303303240e-01	-6.179508758594317586e-01
3.403403403403403304e-01	-5.026077033483642431e-01
3.503503503503503369e-01	-3.879991277684652351e-01
3.603603603603603434e-01	-2.743130301149517836e-01
3.703703703703703498e-01	-1.617320684065168268e-01
3.803803803803803563e-01	-5.043331473993605679e-02
3.903903903903903627e-01	5.941208591118597032e-02
4.004004004004003692e-01	1.676392344670508128e-01
4.104104104104104311e-01	2.740897734745692538e-01
4.204204204204204376e-01	3.786121592757651921e-01
4.304304304304304440e-01	4.810619101660414398e-01
4.404404404404404505e-01	5.813018301782416630e-01
4.504504504504504570e-01	6.792022082102380232e-01
4.604604604604604634e-01	7.746409922954975436e-01
4.704704704704704699e-01	8.675039388974432608e-01
4.804804804804804763e-01	9.576847371892373006e-01
4.904904904904904828e-01	1.045085108360518600e+00
5.005005005005005447e-01	1.129614880071438954e+00
5.105105105105105512e-01	1.211192036251805160e+00
5.205205205205205576e-01	1.289742742518980911e+00
5.305305305305305641e-01	1.365201347562213563e+00
5.405405405405405705e-01	1.437510360913028640e+00
5.505505505505505770e-01	1.506620407591002575e+00
5.605605605605605835e-01	1.572490160181481356e+00
5.705705705705705899e-01	1.635086248966291622e+00
5.805805805805805964e-01	1.694383150790226056e+00
5.905905905905906028e-01	1.750363057404740852e+00
6.006006006006006093e-01	1.803015724085728966e+00
6.106106106106106157e-01	1.852338299374417074e+00
6.206206206206206222e-01	1.898335136839067960e+00
6.306306306306306286e-01	1.941017589800220655e+00
6.406406406406406351e-01	1.980403790003593567e+00
6.506506506506506415e-01	2.016518411262303800e+00
6.606606606606606480e-01	2.049392419123749143e+00
6.706706706706706544e-01	2.079062807646221422e+00
6.806806806806806609e-01	2.105572324396020267e+00
6.906906906906906674e-01	2.128969184797564917e+00
7.007007007007006738e-01	2.149306776986528611e+00
7.107107107107106803e-01	2.166643358329607416e+00
7.207207207207206867e-01	2.181041744783941638e+00
7.307307307307306932e-01	2.192568994274558314e+00
7.407407407407406996e-01	2.201296085269591085e+00
7.507507507507507061e-01	2.207297591730303044e+00
7.607607607607607125e-01	2.210651355606364277e+00
7.707707707707707190e-01	2.211438158036349133e+00
7.807807807807807254e-01	2.209741390399126537e+00
7.907907907907907319e-01	2.205646726343831077e+00
8.008008008008007383e-01	2.199241795904535390e+00
8.108108108108108558e-01	2.190615862780654677e+00
8.208208208208208623e-01	2.179859505835677780e+00
8.308308308308308687e-01	2.167064305835160631e+00
8.408408408408408752e-01	2.152322538410184283e+00
8.508508508508508816e-01	2.135726874194763703e+00
8.608608608608608881e-01	2.117370087045267191e+00
8.708708708708708945e-01	2.097344771206858471e+00
8.808808808808809010e-01	2.075743068246456602e+00
8.908908908908909074e-01	2.052656404524017653e+00
9.009009009009009139e-01	2.028175239924132622e+00
9.109109109109109204e-01	2.002388828518273378e+00
9.209209209209209268e-01	1.975384991774733479e+00
9.309309309309309333e-01	1.947249904878450399e+00
9.409409409409409397e-01	1.918067896666894478e+00
9.509509509509509462e-01	1.887921263631034963e+00
9.609609609609609526e-01	1.856890098372434128e+00
9.709709709709709591e-01	1.825052132848856701e+00
9.809809809809809655e-01	1.792482596681739926e+00
9.909909909909909720e-01	1.759254090739488019e+00
1.001001001001001089e+00	1.725436476151275045e+00
1.011011011011011096e+00	1.691096778846781001e+00
1.021021021021021102e+00	1.656299109658518454e+00
1.031031031031031109e+00	1.621104599965138338e+00
1.041041041041041115e+00	1.585571352796594446e+00
1.051051051051051122e+00	1.549754409265526878e+00
1.061061061061061128e+00	1.513705730133775740e+00
1.071071071071071135e+00	1.477474192268819264e+00
1.081081081081081141e+00	1.441105599692333206e+00
1.091091091091091148e+00	1.404642708872000156e+00
1.101101101101101154e+00	1.368125267858566030e+00
1.111111111111111160e+00	1.331590068822820827e+00
1.121121121121121167e+00	1.295071013502084867e+00
1.131131131131131173e+00	1.258599191022759634e+00
1.141141141141141180e+00	1.222202967524987027e+00
1.151151151151151186e+00	1.185908086977235598e+00
1.161161161161161193e+00	1.149737782533132746e+00
1.171171171171171199e+00	1.113712897749927100e+00
1.181181181181181206e+00	1.077852016957789871e+00
1.191191191191191212e+00	1.042171604041858046e+00
1.201201201201201219e+00	1.006686148874468056e+00
1.211211211211211225e+00	9.714083206135490922e-01
1.221221221221221231e+00	9.363491270646128184e-01
1.231231231231231238e+00	9.015180792883827898e-01
1.241241241241241244e+00	8.669233606235862144e-01
1.251251251251251251e+00	8.325719992852151918e-01
1.261261261261261257e+00	7.984700436921620126e-01
1.271271271271271264e+00	7.646227396750737704e-01
1.281281281281281270e+00	7.310347087149967615e-01
1.291291291291291277e+00	6.977101263663798569e-01
1.301301301301301283e+00	6.646529000237735296e-01
1.311311311311311290e+00	6.318668452005077318e-01
1.321321321321321296e+00	5.993558594992375310e-01
1.331331331331331302e+00	5.671240934688772661e-01
1.341341341341341309e+00	5.351761175597633535e-01
1.351351351351351315e+00	5.035170844088044939e-01
1.361361361361361322e+00	4.721528857090917519e-01
1.371371371371371328e+00	4.410903029434297684e-01
1.381381381381381335e+00	4.103371512888456252e-01
1.391391391391391341e+00	3.799024160287666763e-01
1.401401401401401348e+00	3.497963808417358100e-01
1.411411411411411354e+00	3.200307473693063121e-01
1.421421421421421361e+00	2.906187455018567900e-01
1.431431431431431367e+00	2.615752338587400416e-01
1.441441441441441373e+00	2.329167899785616336e-01
1.451451451451451380e+00	2.046617897763042260e-01
1.461461461461461386e+00	1.768304758662672116e-01
1.471471471471471393e+00	1.494450143933439001e-01
1.481481481481481399e+00	1.225295400596895512e-01
1.491491491491491406e+00	9.611018907932905586e-02
1.501501501501501412e+00	7.021511983961981063e-02
1.511511511511511419e+00	4.487452109524671384e-02
1.521521521521521425e+00	2.012060756785136184e-02
1.531531531531531432e+00	-4.012397127919509199e-03
1.541541541541541438e+00	-2.748829026345295246e-02
1.551551551551551444e+00	-5.026893246391533898e-02
1.561561561561561451e+00	-7.231430280072403960e-02
1.571571571571571457e+00	-9.358256639743456340e-02
1.581581581581581464e+00	-1.140301543908545656e-01
1.591591591591591470e+00	-1.336118560429388480e-01
1.601601601601601477e+00	-1.522809227535079080e-01
1.611611611611611705e+00	-1.699891836792076782e-01
1.621621621621621712e+00	-1.866871726205723281e-01
1.631631631631631718e+00	-2.023242657965577951e-01
1.641641641641641725e+00	-2.168488300848620265e-01
1.651651651651651731e+00	-2.302083812665579599e-01
1.661661661661661737e+00	-2.423497517754067965e-01
1.671671671671671744e+00	-2.532192674156847900e-01
1.681681681681681750e+00	-2.627629324775447861e-01
1.691691691691691757e+00	-2.709266226460201321e-01
1.701701701701701763e+00	-2.776562850687827044e-01
1.711711711711711770e+00	-2.828981449188572306e-01
1.721721721721721776e+00	-2.865989177616059536e-01
1.731731731731731783e+00	-2.887060270107845161e-01
1.741741741741741789e+00	-2.891678257359940329e-01
1.751751751751751796e+00	-2.879338220639471313e-01
1.761761761761761802e+00	-2.849549073982455827e-01
1.771771771771771808e+00	-2.801835866671982256e-01
1.781781781781781815e+00	-2.735742097964691810e-01
1.791791791791791821e+00	-2.650832035931207642e-01
1.801801801801801828e+00	-2.546693032199142115e-01
1.811811811811811834e+00	-2.422937824335794632e-01
1.821821821821821841e+00	-2.279206817582146716e-01
1.831831831831831847e+00	-2.115170337648833443e-01
1.841841841841841854e+00	-1.930530846311359072e-01
1.851851851851851860e+00	-1.725025111591414473e-01
1.861861861861861867e+00	-1.498426324388411057e-01
1.871871871871871873e+00	-1.250546153526340687e-01
1.881881881881881879e+00	-9.812367313074506214e-02
1.891891891891891886e+00	-6.903925618139322706e-02
1.901901901901901892e+00	-3.779523443750060219e-02
1.911911911911911899e+00	-4.390070481257286883e-03
1.921921921921921905e+00	3.117301726985183263e-02
1.931931931931931912e+00	6.888590200779703965e-02
1.941941941941941918e+00	1.087354072752195200e-01
1.951951951951951925e+00	1.507031776402971701e-01
1.961961961961961931e+00	1.947655619118862924e-01
1.971971971971971938e+00	2.408935094690894951e-01
1.981981981981981944e+00	2.890524802451218678e-01
1.991991991991991950e+00	3.392023688693333594e-01
2.002002002002002179e+00	3.912974434335422247e-01
2.012012012012012185e+00	4.452862993096646238e-01
2.022022022022022192e+00	5.011118284050418703e-01
2.032032032032032198e+00	5.587112041998237855e-01
2.042042042042042205e+00	6.180158828677306815e-01
2.052052052052052211e+00	6.789516207372223722e-01
2.062062062062062218e+00	7.414385083048982139e-01
2.072072072072072224e+00	8.053910209669192799e-01
2.082082082082082231e+00	8.707180865874302178e-01
2.092092092092092237e+00	9.373231699756112700e-01
2.102102102102102243e+00	1.005104374295057612e+00
2.112112112112112250e+00	1.073954559381031348e+00
2.122122122122122256e+00	1.143761476892644957e+00
2.132132132132132263e+00	1.214407922178486032e+00
2.142142142142142269e+00	1.285771902685719503e+00
2.152152152152152276e+00	1.357726822694332647e+00
2.162162162162162282e+00	1.430141684110080025e+00
2.172172172172172289e+00	1.502881303002120639e+00
2.182182182182182295e+00	1.575806541524115145e+00
2.192192192192192302e+00	1.648774554811242021e+00
2.202202202202202308e+00	1.721639052399727143e+00
2.212212212212212314e+00	1.794250573670963744e+00
2.222222222222222321e+00	1.866456776778345317e+00
2.232232232232232327e+00	1.938102740472499308e+00
2.242242242242242334e+00	2.009031278199230108e+00
2.252252252252252340e+00	2.079083263804480719e+00
2.262262262262262347e+00	2.148097968142205438e+00
2.272272272272272353e+00	2.215913405844126327e+00
2.282282282282282360e+00	2.282366691475081755e+00
2.292292292292292366e+00	2.347294404264301804e+00
2.302302302302302373e+00	2.410532960571387218e+00
2.312312312312312379e+00	2.471918993216069449e+00
2.322322322322322385e+00	2.531289736773469912e+00
2.332332332332332392e+00	2.588483417910935724e+00
2.342342342342342398e+00	2.643339649819549830e+00
2.352352352352352405e+00	2.695699829772263190e+00
2.362362362362362411e+00	2.745407538822197679e+00
2.372372372372372418e+00	2.792308942638333402e+00
2.382382382382382424e+00	2.836253192462149020e+00
2.392392392392392431e+00	2.877092825157576694e+00
2.402402402402402437e+00	2.914684161317833144e+00
2.412412412412412444e+00	2.948887700386847666e+00
2.422422422422422450e+00	2.979568511749261628e+00
2.432432432432432456e+00	3.006596620742446824e+00
2.442442442442442463e+00	3.029847388545620301e+00
2.452452452452452469e+00	3.049201884905889948e+00
2.462462462462462476e+00	3.064547252668073707e+00
2.472472472472472482e+00	3.075777063085305407e+00
2.482482482482482489e+00	3.082791660899881325e+00
2.492492492492492495e+00	3.085498498199171991e+00
2.502502502502502502e+00	3.083812456069403574e+00
2.512512512512512508e+00	3.077656153090639002e+00
2.522522522522522515e+00	3.066960239739592087e+00
2.532532532532532521e+00	3.051663677792561202e+00
2.542542542542542527e+00	3.031714003849210748e+00
2.552552552552552534e+00	3.007067576128582331e+00
2.562562562562562540e+00	2.977689803722035844e+00
2.572572572572572547e+00	2.943555357523296223e+00
2.582582582582582553e+00	2.904648362093738001e+00
2.592592592592592560e+00	2.860962567761089037e+00
2.602602602602602566e+00	2.812501502291958833e+00
2.612612612612612573e+00	2.759278601522925367e+00
2.622622622622622579e+00	2.701317318381170729e+00
2.632632632632632586e+00	2.638651209773784867e+00
2.642642642642642592e+00	2.571324000874764426e+00
2.652652652652652598e+00	2.499389626390343011e+00
2.662662662662662605e+00	2.422912248436359661e+00
2.672672672672672611e+00	2.341966250715997067e+00
2.682682682682682618e+00	2.256636208742039962e+00
2.692692692692692624e+00	2.167016835904976180e+00
2.702702702702702631e+00	2.073212905246246684e+00
2.712712712712712637e+00	1.975339146855187300e+00
2.722722722722722644e+00	1.873520120867892436e+00
2.732732732732732650e+00	1.767890066106873270e+00
2.742742742742742657e+00	1.658592724461292578e+00
2.752752752752752663e+00	1.545781141168997896e+00
2.762762762762762669e+00	1.429617441223100860e+00
2.772772772772772676e+00	1.310272582187559598e+00
2.782782782782782682e+00	1.187926083767718133e+00
2.792792792792792689e+00	1.062765734543094753e+00
2.802802802802802695e+00	9.349872763305965284e-01
2.812812812812812702e+00	8.047940667067345899e-01
2.822822822822822708e+00	6.723967202769662865e-01
2.832832832832832715e+00	5.380127293391431254e-01
2.842842842842842721e+00	4.018660646457056229e-01
2.852852852852852727e+00	2.641867570258592535e-01
2.862862862862862734e+00	1.252104606841732970e-01
2.872872872872872740e+00	-1.482200095422327168e-02
2.882882882882882747e+00	-1.556651059296869088e-01
2.892892892892892753e+00	-2.970691199926804860e-01
2.902902902902902760e+00	-4.387805973862676789e-01
2.912912912912912766e+00	-5.805428950991859960e-01
2.922922922922922773e+00	-7.220966994784504545e-01
2.932932932932932779e+00	-8.631805640484799813e-01
2.942942942942942786e+00	-1.003531457344847055e+00
2.952952952952952792e+00	-1.142885319533837984e+00
2.962962962962962798e+00	-1.280977626555484639e+00
2.972972972972972805e+00	-1.417543960496504329e+00
2.982982982982982811e+00	-1.552320584871699438e+00
2.992992992992992818e+00	-1.685045023467419245e+00
3.003003003003002824e+00	-1.815456641378803582e+00
3.013013013013012831e+00	-1.943297226854127979e+00
3.023023023023022837e+00	-2.068311572544355936e+00
3.033033033033032844e+00	-2.190248054744222017e+00
3.043043043043042850e+00	-2.308859209202928309e+00
3.053053053053052857e+00	-2.423902302077806326e+00
3.063063063063062863e+00	-2.535139894603269717e+00
3.073073073073072869e+00	-2.642340400049658200e+00
3.083083083083082876e+00	-2.745278631553166537e+00
3.093093093093092882e+00	-2.843736339407520575e+00
3.103103103103102889e+00	-2.937502736422094252e+00
3.113113113113112895e+00	-3.026375009968128360e+00
3.123123123123122902e+00	-3.110158819356114268e+00
3.133133133133132908e+00	-3.188668777211878247e+00
3.143143143143142915e+00	-3.261728913547604414e+00
3.153153153153152921e+00	-3.329173121255864842e+00
3.163163163163162928e+00	-3.390845581790689067e+00
3.173173173173172934e+00	-3.446601169838721113e+00
3.183183183183182940e+00	-3.496305835826376995e+00
3.193193193193192947e+00	-3.539836965154970816e+00
3.203203203203202953e+00	-3.577083713105273066e+00
3.213213213213213404e+00	-3.607947314405629768e+00
3.223223223223223410e+00	-3.632341366513585523e+00
3.233233233233233417e+00	-3.650192085719748292e+00
3.243243243243243423e+00	-3.661438535244386561e+00
3.253253253253253430e+00	-3.666032824561590964e+00
3.263263263263263436e+00	-3.663940279253055987e+00
3.273273273273273443e+00	-3.655139580762876150e+00
3.283283283283283449e+00	-3.639622875496721033e+00
3.293293293293293456e+00	-3.617395852782542498e+00
3.303303303303303462e+00	-3.588477791286027507e+00
3.313313313313313468e+00	-3.552901573551523029e+00
3.323323323323323475e+00	-3.510713668418520950e+00
3.333333333333333481e+00	-3.461974081144286064e+00
3.343343343343343488e+00	-3.406756271145160220e+00
3.353353353353353494e+00	-3.345147037351702046e+00
3.363363363363363501e+00	-3.277246371256446800e+00
3.373373373373373507e+00	-3.203167277817026815e+00
3.383383383383383514e+00	-3.123035564461872138e+00
3.393393393393393520e+00	-3.036989598530046575e+00
3.403403403403403527e+00	-2.945180033561147770e+00
3.413413413413413533e+00	-2.847769504935137697e+00
3.423423423423423539e+00	-2.744932295445170478e+00
3.433433433433433546e+00	-2.636853971469159674e+00
3.443443443443443552e+00	-2.523730990486979575e+00
3.453453453453453559e+00	-2.405770280770498371e+00
3.463463463463463565e+00	-2.283188794151968182e+00
3.473473473473473572e+00	-2.156213032853222522e+00
3.483483483483483578e+00	-2.025078551432746288e+00
3.493493493493493585e+00	-1.890029434980285750e+00
3.503503503503503591e+00	-1.751317754758594969e+00
3.513513513513513598e+00	-1.609203002559506768e+00
3.523523523523523604e+00	-1.463951505105763440e+00
3.533533533533533610e+00	-1.315835819891585601e+00
3.543543543543543617e+00	-1.165134113913104841e+00
3.553553553553553623e+00	-1.012129526794210532e+00
3.563563563563563630e+00	-8.571095198646425661e-01
3.573573573573573636e+00	-7.003652127938341243e-01
3.583583583583583643e+00	-5.421907094275564276e-01
3.593593593593593649e+00	-3.828824145129938183e-01
3.603603603603603656e+00	-2.227383430326951297e-01
3.613613613613613662e+00	-6.205742389783652779e-02
3.623623623623623669e+00	9.886120022295408205e-02
3.633633633633633675e+00	2.597188751424251985e-01
3.643643643643643681e+00	4.202181376478988373e-01
3.653653653653653688e+00	5.800634164246534219e-01
3.663663663663663694e+00	7.389617295788988294e-01
3.673673673673673701e+00	8.966233769284622790e-01
3.683683683683683707e+00	1.052762625233188754e+00
3.693693693693693714e+00	1.207098384545956193e+00
3.703703703703703720e+00	1.359354873879010439e+00
3.713713713713713727e+00	1.509262274399768566e+00
3.723723723723723733e+00	1.656557368394112162e+00
3.733733733733733740e+00	1.800984162264632538e+00
3.743743743743743746e+00	1.942294491865616202e+00
3.753753753753753752e+00	2.080248608515727682e+00
3.763763763763763759e+00	2.214615744073550552e+00
3.773773773773773765e+00	2.345174653510215812e+00
3.783783783783783772e+00	2.471714133466880625e+00
3.793793793793793778e+00	2.594033515343234786e+00
3.803803803803803785e+00	2.711943131525855755e+00
3.813813813813813791e+00	2.825264753432316311e+00
3.823823823823823798e+00	2.933832000118158145e+00
3.833833833833833804e+00	3.037490716268984148e+00
3.843843843843843811e+00	3.136099318478883902e+00
3.853853853853853817e+00	3.229529108799024772e+00
3.863863863863863823e+00	3.317664554626024831e+00
3.873873873873873830e+00	3.400403534088982216e+00
3.883883883883883836e+00	3.477657546185856319e+00
3.893893893893893843e+00	3.549351885014656816e+00
3.903903903903903849e+00	3.615425777541942054e+00
3.913913913913913856e+00	3.675832484450352933e+00
3.923923923923923862e+00	3.730539363707900513e+00
3.933933933933933869e+00	3.779527896604609527e+00
3.943943943943943875e+00	3.822793676105823213e+00
3.953953953953953881e+00	3.860346357476722723e+00
3.963963963963963888e+00	3.892209571238016697e+00
3.973973973973973894e+00	3.918420798619095091e+00
3.983983983983983901e+00	3.939031209780896603e+00
3.993993993993993907e+00	3.954105465186814605e+00
4.004004004004004358e+00	3.963721480605253422e+00
4.014014014014014364e+00	3.967970156332058185e+00
4.024024024024024371e+00	3.966955071324447690e+00
4.034034034034034377e+00	3.960792143039894686e+00
4.044044044044044384e+00	3.949609253873557879e+00
4.054054054054054390e+00	3.933545845185908441e+00
4.064064064064064397e+00	3.912752480007730238e+00
4.074074074074074403e+00	3.887390375602645332e+00
4.084084084084084409e+00	3.857630907157257205e+00
4.094094094094094416e+00	3.823655083955562084e+00
4.104104104104104422e+00	3.785652999477400638e+00
4.114114114114114429e+00	3.743823256940091326e+00
4.124124124124124435e+00	3.698372371877400866e+00
4.134134134134134442e+00	3.649514153421008711e+00
4.144144144144144448e+00	3.597469066015836603e+00
4.154154154154154455e+00	3.542463573362115259e+00
4.164164164164164461e+00	3.484729466433651890e+00
4.174174174174174468e+00	3.424503177472986160e+00
4.184184184184184474e+00	3.362025081910018365e+00
4.194194194194194480e+00	3.297538790191235858e+00
4.204204204204204487e+00	3.231290431541133934e+00
4.214214214214214493e+00	3.163527931706541008e+00
4.224224224224224500e+00	3.094500286757174479e+00
4.234234234234234506e+00	3.024456835032901303e+00
4.244244244244244513e+00	2.953646529338679105e+00
4.254254254254254519e+00	2.882317211492869014e+00
4.264264264264264526e+00	2.810714891332799059e+00
4.274274274274274532e+00	2.739083032273538443e+00
4.284284284284284539e+00	2.667661845501653417e+00
4.294294294294294545e+00	2.596687594865155990e+00
4.304304304304304551e+00	2.526391914494257041e+00
4.314314314314314558e+00	2.457001141154504520e+00
4.324324324324324564e+00	2.388735663295117106e+00
4.334334334334334571e+00	2.321809288710142027e+00
4.344344344344344577e+00	2.256428632679305935e+00
4.354354354354354584e+00	2.192792528398751273e+00
4.364364364364364590e+00	2.131091461449499125e+00
4.374374374374374597e+00	2.071507029983887804e+00
4.384384384384384603e+00	2.014211432237084765e+00
4.394394394394394610e+00	1.959366982892769338e+00
4.404404404404404616e+00	1.907125659749129287e+00
4.414414414414414622e+00	1.857628682043752200e+00
4.424424424424424629e+00	1.811006121704089145e+00
4.434434434434434635e+00	1.767376548694064464e+00
4.444444444444444642e+00	1.726846711527620482e+00
4.454454454454454648e+00	1.689511253916580857e+00
4.464464464464464655e+00	1.655452468413464828e+00
4.474474474474474661e+00	1.624740087800540023e+00
4.484484484484484668e+00	1.597431114864064083e+00
4.494494494494494674e+00	1.573569691078389621e+00
4.504504504504504681e+00	1.553187004608323374e+00
4.514514514514514687e+00	1.536301237920160379e+00
4.524524524524524693e+00	1.522917555172865534e+00
4.534534534534534700e+00	1.513028129441026159e+00
4.544544544544544706e+00	1.506612209700675775e+00
4.554554554554554713e+00	1.503636227388825519e+00
4.564564564564564719e+00	1.504053942227340457e+00
4.574574574574574726e+00	1.507806626882230772e+00
4.584584584584584732e+00	1.514823289910944171e+00
4.594594594594594739e+00	1.525020936333381316e+00
4.604604604604604745e+00	1.538304865046626446e+00
4.614614614614614752e+00	1.554569002190733240e+00
4.624624624624624758e+00	1.573696269461773545e+00
4.634634634634634764e+00	1.595558986260767975e+00
4.644644644644644771e+00	1.620019304462385623e+00
4.654654654654654777e+00	1.646929674486272477e+00
4.664664664664664784e+00	1.676133341256397902e+00
4.674674674674674790e+00	1.707464868540976122e+00
4.684684684684684797e+00	1.740750690076639629e+00
4.694694694694694803e+00	1.775809685796950310e+00
4.704704704704704810e+00	1.812453781406153430e+00
4.714714714714714816e+00	1.850488569465881694e+00
4.724724724724724823e+00	1.889713950094386918e+00
4.734734734734734829e+00	1.929924789315590861e+00
4.744744744744744835e+00	1.970911593039106791e+00
4.754754754754754842e+00	2.012461194602378267e+00
4.764764764764764848e+00	2.054357453762092334e+00
4.774774774774774855e+00	2.096381964985176261e+00
4.784784784784784861e+00	2.138314772858766144e+00
4.794794794794794868e+00	2.179935092414845954e+00
4.804804804804804874e+00	2.221022032148241010e+00
4.814814814814814881e+00	2.261355317496473116e+00
4.824824824824824887e+00	2.300716012546773381e+00
4.834834834834834894e+00	2.338887237739530889e+00
4.844844844844844900e+00	2.375654881348019831e+00
4.854854854854854906e+00	2.410808302532057912e+00
4.864864864864864913e+00	2.444141023787979261e+00
4.874874874874874919e+00	2.475451410648652928e+00
4.884884884884884926e+00	2.504543336525637987e+00
4.894894894894894932e+00	2.531226830630317615e+00
4.904904904904904939e+00	2.555318706962559361e+00
4.914914914914914945e+00	2.576643172412917071e+00
4.924924924924924952e+00	2.595032412088534191e+00
4.934934934934934958e+00	2.610327150042960120e+00
4.944944944944944965e+00	2.622377183665720146e+00
4.954954954954954971e+00	2.631041890068922307e+00
4.964964964964964977e+00	2.636190702894754434e+00
4.974974974974974984e+00	2.637703558059487641e+00
4.984984984984984990e+00	2.635471307045870848e+00
4.994994994994994997e+00	2.629396096456955600e+00
5.005005005005005003e+00	2.619391712649062232e+00
5.015015015015015010e+00	2.605383890370664535e+00
5.025025025025025016e+00	2.587310584446187445e+00
5.035035035035035023e+00	2.565122203659032429e+00
5.045045045045045029e+00	2.538781806106285455e+00
5.055055055055055035e+00	2.508265255418145045e+00
5.065065065065065042e+00	2.473561337357366163e+00
5.075075075075075048e+00	2.434671836438309533e+00
5.085085085085085055e+00	2.391611572330195390e+00
5.095095095095095061e+00	2.344408395935359657e+00
5.105105105105105068e+00	2.293103145159629985e+00
5.115115115115115074e+00	2.237749560518424996e+00
5.125125125125125081e+00	2.178414160847969239e+00
5.135135135135135087e+00	2.115176079516418284e+00
5.145145145145145094e+00	2.048126861653333464e+00
5.155155155155155100e+00	1.977370223038345642e+00
5.165165165165165106e+00	1.903021771410048579e+00
5.175175175175175113e+00	1.825208691073902489e+00
5.185185185185185119e+00	1.744069391803073632e+00
5.195195195195195126e+00	1.659753123137774899e+00
5.205205205205205132e+00	1.572419555297036808e+00
5.215215215215215139e+00	1.482238328021402873e+00
5.225225225225225145e+00	1.389388568764760468e+00
5.235235235235235152e+00	1.294058381749698228e+00
5.245245245245245158e+00	1.196444309490938940e+00
5.255255255255255165e+00	1.096750768477522398e+00
5.265265265265265171e+00	9.951894607840423568e-01
5.275275275275275177e+00	8.919787634560278899e-01
5.285285285285285184e+00	7.873430975828883405e-01
5.295295295295295190e+00	6.815122790342182935e-01
5.305305305305305197e+00	5.747208528910967562e-01
5.315315315315315203e+00	4.672074136536279454e-01
5.325325325325325210e+00	3.592139133484065772e-01
5.335335335335335216e+00	2.509849596956446605e-01
5.345345345345345223e+00	1.427671065243910631e-01
5.355355355355355229e+00	3.480813864626289278e-02
5.365365365365365236e+00	-7.264364658731976843e-02
5.375375375375375242e+00	-1.793401588119014067e-01
5.385385385385385248e+00	-2.850342330277801928e-01
5.395395395395395255e+00	-3.894803446029482807e-01
5.405405405405405261e+00	-4.924353186890434442e-01
5.415415415415415268e+00	-5.936590318596460802e-01
5.425425425425425274e+00	-6.929151038081767799e-01
5.435435435435435281e+00	-7.899715769778743457e-01
5.445445445445445287e+00	-8.846015820383672512e-01
5.455455455455455294e+00	-9.765839871718775544e-01
5.465465465465465300e+00	-1.065704029187311441e+00
5.475475475475475307e+00	-1.151753924541928820e+00
5.485485485485485313e+00	-1.234533458418039409e+00
5.495495495495495319e+00	-1.313850550075465140e+00
5.505505505505505326e+00	-1.389521792779800036e+00
5.515515515515515332e+00	-1.461372966691113939e+00
5.525525525525525339e+00	-1.529239523187130523e+00
5.535535535535535345e+00	-1.592967039189573164e+00
5.545545545545545352e+00	-1.652411640161223882e+00
5.555555555555555358e+00	-1.707440390544185282e+00
5.565565565565565365e+00	-1.757931650516849631e+00
5.575575575575575371e+00	-1.803775398057239077e+00
5.585585585585585378e+00	-1.844873515413923526e+00
5.595595595595595384e+00	-1.881140039201532055e+00
5.605605605605605390e+00	-1.912501373456537479e+00
5.615615615615615397e+00	-1.938896465109018807e+00
5.625625625625625403e+00	-1.960276941448076293e+00
5.635635635635635410e+00	-1.976607209281319610e+00
5.645645645645645416e+00	-1.987864515612519645e+00
5.655655655655655423e+00	-1.994038969785300264e+00
5.665665665665665429e+00	-1.995133527164525855e+00
5.675675675675675436e+00	-1.991163934550125303e+00
5.685685685685685442e+00	-1.982158637640324628e+00
5.695695695695695449e+00	-1.968158650982255509e+00
5.705705705705705455e+00	-1.949217390966673236e+00
5.715715715715715461e+00	-1.925400472540739649e+00
5.725725725725725468e+00	-1.896785470427110765e+00
5.735735735735735474e+00	-1.863461645748927697e+00
5.745745745745745481e+00	-1.825529639068555587e+00
5.755755755755755487e+00	-1.783101130952462698e+00
5.765765765765765494e+00	-1.736298471275136812e+00
5.775775775775775500e+00	-1.685254278571058695e+00
5.785785785785785507e+00	-1.630111010835384677e+00
5.795795795795795513e+00	-1.571020509260856679e+00
5.805805805805805520e+00	-1.508143516479392821e+00
5.815815815815815526e+00	-1.441649170953391623e+00
5.825825825825825532e+00	-1.371714479231440409e+00
5.835835835835835539e+00	-1.298523767848051902e+00
5.845845845845845545e+00	-1.222268116704627650e+00
5.855855855855855552e+00	-1.143144775821185233e+00
5.865865865865865558e+00	-1.061356567393425765e+00
5.875875875875875565e+00	-9.771112751287971410e-01
5.885885885885885571e+00	-8.906210228668962614e-01
5.895895895895895578e+00	-8.021016445150870311e-01
5.905905905905905584e+00	-7.117720473482911370e-01
5.915915915915915591e+00	-6.198535707334691391e-01
5.925925925925925597e+00	-5.265693423437008969e-01
5.935935935935935603e+00	-4.321436339241865321e-01
5.945945945945945610e+00	-3.368012186632834970e-01
5.955955955955955616e+00	-2.407667322051834646e-01
5.965965965965965623e+00	-1.442640393179479563e-01
5.975975975975975629e+00	-4.751560820081356107e-02
5.985985985985985636e+00	4.925810562174097462e-02
5.995995995995995642e+00	1.458392639141612712e-01
6.006006006006005649e+00	2.420132369965132257e-01
6.016016016016015655e+00	3.375691798627848406e-01
6.026026026026025662e+00	4.323005914109211423e-01
6.036036036036035668e+00	5.260058551113351299e-01
6.046046046046045674e+00	6.184887595122419146e-01
6.056056056056055681e+00	7.095589970576654526e-01
6.066066066066065687e+00	7.990326397753662047e-01
6.076076076076075694e+00	8.867325904786224067e-01
6.086086086086085700e+00	9.724890082164319161e-01
6.096096096096095707e+00	1.056139706800897526e+00
6.106106106106105713e+00	1.137530525339043308e+00
6.116116116116115720e+00	1.216515669797182397e+00
6.126126126126125726e+00	1.292958024730275879e+00
6.136136136136135732e+00	1.366729434415191458e+00
6.146146146146145739e+00	1.437710952735258729e+00
6.156156156156155745e+00	1.505793061274167455e+00
6.166166166166165752e+00	1.570875855188512471e+00
6.176176176176175758e+00	1.632869196541015366e+00
6.186186186186185765e+00	1.691692834889428010e+00
6.196196196196195771e+00	1.747276495039477018e+00
6.206206206206205778e+00	1.799559931982629868e+00
6.216216216216215784e+00	1.848492953152125695e+00
6.226226226226225791e+00	1.894035408241652174e+00
6.236236236236235797e+00	1.936157146940593821e+00
6.246246246246245803e+00	1.974837945047891674e+00
6.256256256256255810e+00	2.010067399531869636e+00
6.266266266266265816e+00	2.041844793206573083e+00
6.276276276276275823e+00	2.070178929795514655e+00
6.286286286286285829e+00	2.095087940250009328e+00
6.296296296296295836e+00	2.116599061283011451e+00
6.306306306306305842e+00	2.134748387168598160e+00
6.316316316316315849e+00	2.149580595942165662e+00
6.326326326326325855e+00	2.161148651217183581e+00
6.336336336336335862e+00	2.169513480910030712e+00
6.346346346346345868e+00	2.174743634235551504e+00
6.356356356356355874e+00	2.176914918400973509e+00
6.366366366366365881e+00	2.176110016486512144e+00
6.376376376376375887e+00	2.172418088054868690e+00
6.386386386386385894e+00	2.165934354080819357e+00
6.396396396396395900e+00	2.156759667834328820e+00
6.406406406406405907e+00	2.145000073387408612e+00
6.416416416416416801e+00	2.130766353444971895e+00
6.426426426426426808e+00	2.114173568223950195e+00
6.436436436436436814e+00	2.095340587122569875e+00
6.446446446446446821e+00	2.074389614932913961e+00
6.456456456456456827e+00	2.051445714354391825e+00
6.466466466466466834e+00	2.026636326564539736e+00
6.476476476476476840e+00	2.000090791595144246e+00
6.486486486486486847e+00	1.971939870247724214e+00
6.496496496496496853e+00	1.942315269261456034e+00
6.506506506506506859e+00	1.911349171420296367e+00
6.516516516516516866e+00	1.879173772253116992e+00
6.526526526526526872e+00	1.845920824942106186e+00
6.536536536536536879e+00	1.811721195010414842e+00
6.546546546546546885e+00	1.776704426310214302e+00
6.556556556556556892e+00	1.740998319777246506e+00
6.566566566566566898e+00	1.704728526357534912e+00
6.576576576576576905e+00	1.668018155447076323e+00
6.586586586586586911e+00	1.630987400115545771e+00
6.596596596596596918e+00	1.593753180311060502e+00
6.606606606606606924e+00	1.556428805165098295e+00
6.616616616616616930e+00	1.519123655434886366e+00
6.626626626626626937e+00	1.481942887035495149e+00
6.636636636636636943e+00	1.444987156525645799e+00
6.646646646646646950e+00	1.408352369320289954e+00
6.656656656656656956e+00	1.372129451309734183e+00
6.666666666666666963e+00	1.336404144469724553e+00
6.676676676676676969e+00	1.301256826949848788e+00
6.686686686686686976e+00	1.266762358029360769e+00
6.696696696696696982e+00	1.232989948230272859e+00
6.706706706706706989e+00	1.200003054777722733e+00
6.716716716716716995e+00	1.167859302497787244e+00
6.726726726726727001e+00	1.136610430142954486e+00
6.736736736736737008e+00	1.106302262036522377e+00
6.746746746746747014e+00	1.076974704828729479e+00
6.756756756756757021e+00	1.048661769060653004e+00
6.766766766766767027e+00	1.021391615136558739e+00
6.776776776776777034e+00	9.951866232122026368e-01
6.786786786786787040e+00	9.700634864158068638e-01
6.796796796796797047e+00	9.460333267300341520e-01
6.806806806806807053e+00	9.231018327785833755e-01
6.816816816816817060e+00	9.012694186788244854e-01
6.826826826826827066e+00	8.805314030441050432e-01
6.836836836836837072e+00	8.608782071450215012e-01
6.846846846846847079e+00	8.422955711690014446e-01
6.856856856856857085e+00	8.247647874520005473e-01
6.866866866866867092e+00	8.082629494953269544e-01
6.876876876876877098e+00	7.927632155246371326e-01
6.886886886886887105e+00	7.782350852974401212e-01
6.896896896896897111e+00	7.646446888196205549e-01
6.906906906906907118e+00	7.519550855920542620e-01
6.916916916916917124e+00	7.401265729730522880e-01
6.926926926926927131e+00	7.291170022145105900e-01
6.936936936936937137e+00	7.188821007059663648e-01
6.946946946946947143e+00	7.093757989440458989e-01
6.956956956956957150e+00	7.005505607335639207e-01
6.966966966966967156e+00	6.923577151214937997e-01
6.976976976976977163e+00	6.847477885653341367e-01
6.986986986986987169e+00	6.776708358449018421e-01
6.996996996996997176e+00	6.710767682383586008e-01
7.007007007007007182e+00	6.649156775026691113e-01
7.017017017017017189e+00	6.591381542221675938e-01
7.027027027027027195e+00	6.536955991194188798e-01
7.037037037037037202e+00	6.485405259577285975e-01
7.047047047047047208e+00	6.436268547058616729e-01
7.057057057057057214e+00	6.389101936811260041e-01
7.067067067067067221e+00	6.343481094387050101e-01
7.077077077077077227e+00	6.299003832307276118e-01
7.087087087087087234e+00	6.255292529193962059e-01
7.097097097097097240e+00	6.211996392932699340e-01
7.107107107107107247e+00	6.168793558050074122e-01
7.117117117117117253e+00	6.125393008219128799e-01
7.127127127127127260e+00	6.081536315569553430e-01
7.137137137137137266e+00	6.036999189276344158e-01
7.147147147147147273e+00	5.991592826730656185e-01
7.157157157157157279e+00	5.945165061445855104e-01
7.167167167167167285e+00	5.897601302730413053e-01
7.177177177177177292e+00	5.848825263053512025e-01
7.187187187187187298e+00	5.798799469941333662e-01
7.197197197197197305e+00	5.747525560163964098e-01
7.207207207207207311e+00	5.695044354908195272e-01
7.217217217217217318e+00	5.641435715566041065e-01
7.227227227227227324e+00	5.586818180710226844e-01
7.237237237237237331e+00	5.531348385763910080e-01
7.247247247247247337e+00	5.475220267803401208e-01
7.257257257257257343e+00	5.418664058853068788e-01
7.267267267267267350e+00	5.361945071943465813e-01
7.277277277277277356e+00	5.305362285091217434e-01
7.287287287287287363e+00	5.249246729235772513e-01
7.297297297297297369e+00	5.193959687014020332e-01
7.307307307307307376e+00	5.139890710075905034e-01
7.317317317317317382e+00	5.087455463436990621e-01
7.327327327327327389e+00	5.037093406120569661e-01
7.337337337337337395e+00	4.989265318067864774e-01
7.347347347347347402e+00	4.944450683974211946e-01
7.357357357357357408e+00	4.903144945354497297e-01
7.367367367367367414e+00	4.865856632737808884e-01
7.377377377377377421e+00	4.833104390440724485e-01
7.387387387387387427e+00	4.805413906874891894e-01
7.397397397397397434e+00	4.783314763791915447e-01
7.407407407407407440e+00	4.767337218270729093e-01
7.417417417417417447e+00	4.758008931595336111e-01
7.427427427427427453e+00	4.755851659462214109e-01
7.437437437437437460e+00	4.761377918184225844e-01
7.447447447447447466e+00	4.775087641738356981e-01
7.457457457457457473e+00	4.797464844614405255e-01
7.467467467467467479e+00	4.828974305481814056e-01
7.477477477477477485e+00	4.870058286685405857e-01
7.487487487487487492e+00	4.921133304520157736e-01
7.497497497497497498e+00	4.982586965111525101e-01
7.507507507507507505e+00	5.054774880544284921e-01
7.517517517517517511e+00	5.138017679644294455e-01
7.527527527527527518e+00	5.232598127517221753e-01
7.537537537537537524e+00	5.338758367593865461e-01
7.547547547547547531e+00	5.456697299518284971e-01
7.557557557557557537e+00	5.586568105750535640e-01
7.567567567567567544e+00	5.728475939238062420e-01
7.577577577577577550e+00	5.882475783938307945e-01
7.587587587587587556e+00	6.048570499358374430e-01
7.597597597597597563e+00	6.226709059612255404e-01
7.607607607607607569e+00	6.416784996788480466e-01
7.617617617617617576e+00	6.618635057668122990e-01
7.627627627627627582e+00	6.832038082045773786e-01
7.637637637637637589e+00	7.056714110078885493e-01
7.647647647647647595e+00	7.292323725234413079e-01
7.657657657657657602e+00	7.538467638510703006e-01
7.667667667667667608e+00	7.794686518699984745e-01
7.677677677677677615e+00	8.060461072516890146e-01
7.687687687687687621e+00	8.335212377462115629e-01
7.697697697697697627e+00	8.618302469314572667e-01
7.707707707707707634e+00	8.909035185160139036e-01
7.717717717717717640e+00	9.206657261868813613e-01
7.727727727727727647e+00	9.510359688930780653e-01
7.737737737737737653e+00	9.819279313562501166e-01
7.747747747747747660e+00	1.013250069498929928e+00
7.757757757757757666e+00	1.044905820382191264e+00
7.767767767767767673e+00	1.076793836145833128e+00
7.777777777777777679e+00	1.108808241347085000e+00
7.787787787787787686e+00	1.140838912998832111e+00
7.797797797797797692e+00	1.172771782514757666e+00
7.807807807807807698e+00	1.204489158678300420e+00
7.817817817817817705e+00	1.235870070664192300e+00
7.827827827827827711e+00	1.266790630056480627e+00
7.837837837837837718e+00	1.297124410725575716e+00
7.847847847847847724e+00	1.326742845349093036e+00
7.857857857857857731e+00	1.355515637287807884e+00
7.867867867867867737e+00	1.383311186458858089e+00
7.877877877877877744e+00	1.409997027783541190e+00
7.887887887887887750e+00	1.435440280727580564e+00
7.897897897897897757e+00	1.459508108396979642e+00
7.907907907907907763e+00	1.482068184603710037e+00
7.917917917917917769e+00	1.502989167271280291e+00
7.927927927927927776e+00	1.522141176512961991e+00
7.937937937937937782e+00	1.539396275682834547e+00
7.947947947947947789e+00	1.554628953674318304e+00
7.957957957957957795e+00	1.567716606720800376e+00
7.967967967967967802e+00	1.578540017939360940e+00
7.977977977977977808e+00	1.586983832851681431e+00
7.987987987987987815e+00	1.592937029115066405e+00
7.997997997997997821e+00	1.596293378702405841e+00
8.008008008008008716e+00	1.596951900781477418e+00
8.018018018018018722e+00	1.594817303563097255e+00
8.028028028028028729e+00	1.589800413411754931e+00
8.038038038038038735e+00	1.581818589543733555e+00
8.048048048048048742e+00	1.570796122675279571e+00
8.058058058058058748e+00	1.556664616026263825e+00
8.068068068068068754e+00	1.539363347134774296e+00
8.078078078078078761e+00	1.518839608992847534e+00
8.088088088088088767e+00	1.495049029074658531e+00
8.098098098098098774e+00	1.467955864894933793e+00
8.108108108108108780e+00	1.437533274806536809e+00
8.118118118118118787e+00	1.403763562823387545e+00
8.128128128128128793e+00	1.366638396335561056e+00
8.138138138138138800e+00	1.326158995669755924e+00
8.148148148148148806e+00	1.282336294538221511e+00
8.158158158158158813e+00	1.235191070512975164e+00
8.168168168168168819e+00	1.184754044759936953e+00
8.178178178178178825e+00	1.131065950368334461e+00
8.188188188188188832e+00	1.074177568714049347e+00
8.198198198198198838e+00	1.014149733402413434e+00
8.208208208208208845e+00	9.510533014437878574e-01
8.218218218218218851e+00	8.849690914257706265e-01
8.228228228228228858e+00	8.159877885576107825e-01
8.238238238238238864e+00	7.442098165747780270e-01
8.248248248248248871e+00	6.697451766053391653e-01
8.258258258258258877e+00	5.927132532131353937e-01
8.268268268268268884e+00	5.132425879465263296e-01
8.278278278278278890e+00	4.314706208339302851e-01
8.288288288288288896e+00	3.475434003800917937e-01
8.298298298298298903e+00	2.616152627269896502e-01
8.308308308308308909e+00	1.738484807527759246e-01
8.318318318318318916e+00	8.441288398883295407e-02
8.328328328328328922e+00	-6.514549660609159076e-03
8.338338338338338929e+00	-9.875012931009449768e-02
8.348348348348348935e+00	-1.921039124114707064e-01
8.358358358358358942e+00	-2.863801907200763663e-01
8.368368368368368948e+00	-3.813779995383752563e-01
8.378378378378378954e+00	-4.768916487802795090e-01
8.388388388388388961e+00	-5.727112743172028120e-01
8.398398398398398967e+00	-6.686234079895161386e-01
8.408408408408408974e+00	-7.644115645950099180e-01
8.418418418418418980e+00	-8.598568440989695638e-01
8.428428428428428987e+00	-9.547385472495053538e-01
8.438438438438438993e+00	-1.048834802726170023e+00
8.448448448448449000e+00	-1.141923203900813366e+00
8.458458458458459006e+00	-1.233781453246509674e+00
8.468468468468469013e+00	-1.324188012393737734e+00
8.478478478478479019e+00	-1.412922755802893837e+00
8.488488488488489025e+00	-1.499767625998868592e+00
8.498498498498499032e+00	-1.584507288296770122e+00
8.508508508508509038e+00	-1.666929782937986548e+00
8.518518518518519045e+00	-1.746827172552979146e+00
8.528528528528529051e+00	-1.823996182871296945e+00
8.538538538538539058e+00	-1.898238834609988324e+00
8.548548548548549064e+00	-1.969363064489771498e+00
8.558558558558559071e+00	-2.037183333352920123e+00
8.568568568568569077e+00	-2.101521219388235551e+00
8.578578578578579084e+00	-2.162205994507075957e+00
8.588588588588589090e+00	-2.219075181958801490e+00
8.598598598598599096e+00	-2.271975093325703465e+00
8.608608608608609103e+00	-2.320761343094874363e+00
8.618618618618619109e+00	-2.365299339068282158e+00
8.628628628628629116e+00	-2.405464746941945897e+00
8.638638638638639122e+00	-2.441143927460478480e+00
8.648648648648649129e+00	-2.472234344634148595e+00
8.658658658658659135e+00	-2.498644943591493028e+00
8.668668668668669142e+00	-2.520296496731608826e+00
8.678678678678679148e+00	-2.537121916935813459e+00
8.688688688688689155e+00	-2.549066536697994767e+00
8.698698698698699161e+00	-2.556088352137459552e+00
8.708708708708709167e+00	-2.558158230964875379e+00
8.718718718718719174e+00	-2.555260083583446917e+00
8.728728728728729180e+00	-2.547390996620670922e+00
8.738738738738739187e+00	-2.534561328302952887e+00
8.748748748748749193e+00	-2.516794765203367312e+00
8.758758758758759200e+00	-2.494128340013539002e+00
8.768768768768769206e+00	-2.466612410112205556e+00
8.778778778778779213e+00	-2.434310596825862483e+00
8.788788788788789219e+00	-2.397299685400140046e+00
8.798798798798799226e+00	-2.355669485824028797e+00
8.808808808808809232e+00	-2.309522654772618644e+00
8.818818818818819238e+00	-2.258974479056376605e+00
8.828828828828829245e+00	-2.204152621086888253e+00
8.838838838838839251e+00	-2.145196826989062888e+00
8.848848848848849258e+00	-2.082258598108247316e+00
8.858858858858859264e+00	-2.015500826776901011e+00
8.868868868868869271e+00	-1.945097397318939825e+00
8.878878878878879277e+00	-1.871232753380644542e+00
8.888888888888889284e+00	-1.794101432784139583e+00
8.898898898898899290e+00	-1.713907571202997193e+00
8.908908908908909297e+00	-1.630864376059345089e+00
8.918918918918919303e+00	-1.545193572136629445e+00
8.928928928928929309e+00	-1.457124820493077122e+00
8.938938938938939316e+00	-1.366895112346233843e+00
8.948948948948949322e+00	-1.274748139679308112e+00
8.958958958958959329e+00	-1.180933644394966509e+00
8.968968968968969335e+00	-1.085706747911089121e+00
8.978978978978979342e+00	-9.893272631562562980e-01
8.988988988988989348e+00	-8.920589909795190176e-01
8.998998998998999355e+00	-7.941690030395326394e-01
9.009009009009009361e+00	-6.959269132823027171e-01
9.019019019019019368e+00	-5.976041401539234910e-01
9.029029029029029374e+00	-4.994731617253522216e-01
9.039039039039039380e+00	-4.018067659300309513e-01
9.049049049049049387e+00	-3.048772981317660058e-01
9.059059059059059393e+00	-2.089559082499887754e-01
9.069069069069069400e+00	-1.143117996723920504e-01
9.079079079079079406e+00	-2.121148218039575761e-02
9.089089089089089413e+00	7.008196889826340259e-02
9.099099099099099419e+00	1.593096451140803005e-01
9.109109109109109426e+00	2.462175267265128698e-01
9.119119119119119432e+00	3.305571918025944633e-01
9.129129129129129439e+00	4.120865104833201231e-01
9.139139139139139445e+00	4.905703223631540100e-01
9.149149149149149451e+00	5.657810949799777500e-01
9.159159159159159458e+00	6.374995614703429236e-01
9.169169169169169464e+00	7.055153355093151113e-01
9.179179179179179471e+00	7.696275017236291482e-01
9.189189189189189477e+00	8.296451798426923707e-01
9.199199199199199484e+00	8.853880609324825679e-01
9.209209209209209490e+00	9.366869141433689094e-01
9.219219219219219497e+00	9.833840624934342411e-01
9.229229229229229503e+00	1.025333826304199780e+00
9.239239239239239510e+00	1.062402933004704231e+00
9.249249249249249516e+00	1.094470892123365680e+00
9.259259259259259522e+00	1.121430334393404227e+00
9.269269269269269529e+00	1.143187314007794164e+00
9.279279279279279535e+00	1.159661573171999471e+00
9.289289289289289542e+00	1.170786768218233131e+00
9.299299299299299548e+00	1.176510656661682752e+00
9.309309309309309555e+00	1.176795244698417120e+00
9.319319319319319561e+00	1.171616894764450967e+00
9.329329329329329568e+00	1.160966392896770172e+00
9.339339339339339574e+00	1.144848975758419929e+00
9.349349349349349581e+00	1.123284317311769698e+00
9.359359359359359587e+00	1.096306475245111045e+00
9.369369369369369593e+00	1.063963797379011034e+00
9.379379379379379600e+00	1.026318788398087323e+00
9.389389389389389606e+00	9.834479373727591511e-01
9.399399399399399613e+00	9.354415066516140742e-01
9.409409409409409619e+00	8.824032828199659395e-01
9.419419419419419626e+00	8.244502905315520547e-01
9.429429429429429632e+00	7.617124701300314049e-01
9.439439439439439639e+00	6.943323200821583940e-01
9.449449449449449645e+00	6.224645053475331702e-01
9.459459459459459651e+00	5.462754329078363114e-01
9.469469469469469658e+00	4.659427957732300007e-01
9.479479479479479664e+00	3.816550868734893687e-01
9.489489489489489671e+00	2.936110843266044879e-01
9.499499499499499677e+00	2.020193096582914016e-01
9.509509509509509684e+00	1.070974606207098084e-01
9.519519519519519690e+00	9.071820328781399212e-03
9.529529529529529697e+00	-9.182335550345087360e-02
9.539539539539539703e+00	-1.953464713854822232e-01
9.549549549549549710e+00	-3.012492430384726694e-01
9.559559559559559716e+00	-4.092773646090717143e-01
9.569569569569569722e+00	-5.191711901286496511e-01
9.579579579579579729e+00	-6.306664272039164132e-01
9.589589589589589735e+00	-7.434948408972060774e-01
9.599599599599599742e+00	-8.573849657335597119e-01
9.609609609609609748e+00	-9.720628237572772612e-01
9.619619619619619755e+00	-1.087252646551997382e+00
9.629629629629629761e+00	-1.202677599137121245e+00
9.639639639639639768e+00	-1.318060503657801696e+00
9.649649649649649774e+00	-1.433124560797056413e+00
9.659659659659659781e+00	-1.547594066855910944e+00
9.669669669669669787e+00	-1.661195124471328999e+00
9.679679679679679793e+00	-1.773656344971538346e+00
9.689689689689689800e+00	-1.884709540404100325e+00
9.699699699699699806e+00	-1.994090403314030313e+00
9.709709709709709813e+00	-2.101539172396605260e+00
9.719719719719719819e+00	-2.206801282202470293e+00
9.729729729729729826e+00	-2.309627995130922429e+00
9.739739739739739832e+00	-2.409777014010772156e+00
9.749749749749749839e+00	-2.507013073636154221e+00
9.759759759759759845e+00	-2.601108509697928284e+00
9.769769769769769852e+00	-2.691843803628199527e+00
9.779779779779779858e+00	-2.779008101957029186e+00
9.789789789789789864e+00	-2.862399708865575043e+00
9.799799799799799871e+00	-2.941826550708476873e+00
9.809809809809809877e+00	-3.017106611370109714e+00
9.819819819819819884e+00	-3.088068337414455744e+00
9.829829829829829890e+00	-3.154551012085258677e+00
9.839839839839839897e+00	-3.216405097313044692e+00
9.849849849849849903e+00	-3.273492542987079812e+00
9.859859859859859910e+00	-3.325687062853300624e+00
9.869869869869869916e+00	-3.372874376503812943e+00
9.879879879879879923e+00	-3.414952417028767506e+00
9.889889889889889929e+00	-3.451831504007209173e+00
9.899899899899899935e+00	-3.483434481619461565e+00
9.909909909909909942e+00	-3.509696821769983988e+00
9.919919919919919948e+00	-3.530566692214463842e+00
9.929929929929929955e+00	-3.546004989790288331e+00
9.939939939939939961e+00	-3.555985338952565300e+00
9.949949949949949968e+00	-3.560494055920439660e+00
9.959959959959959974e+00	-3.559530078838629485e+00
9.969969969969969981e+00	-3.553104864457490741e+00
9.979979979979979987e+00	-3.541242251930908136e+00
9.989989989989989994e+00	-3.523978294424834345e+00
1.000000000000000000e+01	-3.501361059319292313e+00
